+  0.01028*a1 -  0.02057*a6 -  0.01454*a9 -  0.01454*a11
-  0.00336*a2 +  0.00672*a5 +  0.00476*a7 +  0.00476*a10
-  0.01011*a3 +  0.02022*a4 +  0.01430*a8 +  0.01430*a12
-  0.02057*a1 -  0.02057*a6 -  0.01454*a9 +  0.02908*a11
+  0.00672*a2 +  0.00672*a5 -  0.00951*a7 +  0.00476*a10
-  0.02057*a1 -  0.02057*a6 +  0.02908*a9 -  0.01454*a11
+  0.02022*a3 +  0.02022*a4 -  0.02860*a8 +  0.01430*a12
+  0.04113*a1 -  0.02057*a6 +  0.02908*a9 +  0.02908*a11
+  0.00672*a2 +  0.00672*a5 +  0.00476*a7 -  0.00951*a10
+  0.02022*a3 +  0.02022*a4 +  0.01430*a8 -  0.02860*a12
-  0.01345*a2 +  0.00672*a5 -  0.00951*a7 -  0.00951*a10
-  0.04044*a3 +  0.02022*a4 -  0.02860*a8 -  0.02860*a12
-  0.01259*a17 +  0.00727*a18 -  0.01454*a25 -  0.01781*a32 -  0.01028*a33 -  0.01028*a36
-  0.00137*a13 -  0.00238*a14 +  0.00388*a19 +  0.00275*a20 +  0.00549*a22 +  0.00275*a24 +  0.00194*a26 -  0.00336*a27 +  0.00194*a30 -  0.00336*a31 -  0.00194*a34
+  0.01238*a15 -  0.00715*a16 +  0.01430*a21 +  0.01751*a28 +  0.01011*a29 +  0.01011*a35
+  0.02519*a17 -  0.01454*a18 -  0.01454*a25 -  0.01781*a32 -  0.01028*a33 +  0.02057*a36
+  0.00275*a13 +  0.00476*a14 +  0.00388*a19 -  0.00549*a20 +  0.00549*a22 +  0.00275*a24 -  0.00388*a26 +  0.00672*a27 +  0.00194*a30 -  0.00336*a31 +  0.00388*a34
-  0.01454*a18 -  0.01454*a25 +  0.01781*a32 -  0.01028*a33 -  0.01028*a36
+  0.00275*a13 +  0.00388*a19 +  0.00275*a20 -  0.00275*a22 +  0.00476*a23 +  0.00275*a24 +  0.00194*a26 +  0.00336*a27 +  0.00194*a30 +  0.00336*a31 -  0.00194*a34
+  0.01430*a16 +  0.01430*a21 -  0.01751*a28 +  0.01011*a29 +  0.01011*a35
+  0.02908*a18 -  0.01454*a25 +  0.01781*a32 -  0.01028*a33 +  0.02057*a36
-  0.00549*a13 +  0.00388*a19 -  0.00549*a20 -  0.00275*a22 +  0.00476*a23 +  0.00275*a24 -  0.00388*a26 -  0.00672*a27 +  0.00194*a30 +  0.00336*a31 +  0.00388*a34
+  0.01259*a17 +  0.00727*a18 -  0.01454*a25 +  0.02057*a33 -  0.01028*a36
-  0.00137*a13 +  0.00238*a14 +  0.00388*a19 +  0.00275*a20 -  0.00275*a22 -  0.00476*a23 +  0.00275*a24 -  0.00388*a26 -  0.00388*a30 -  0.00194*a34
-  0.01238*a15 -  0.00715*a16 +  0.01430*a21 -  0.02022*a29 +  0.01011*a35
-  0.02519*a17 -  0.01454*a18 -  0.01454*a25 +  0.02057*a33 +  0.02057*a36
+  0.00275*a13 -  0.00476*a14 +  0.00388*a19 -  0.00549*a20 -  0.00275*a22 -  0.00476*a23 +  0.00275*a24 +  0.00776*a26 -  0.00388*a30 +  0.00388*a34
+  0.00275*a13 +  0.00476*a14 +  0.00388*a19 +  0.00275*a20 +  0.00549*a22 -  0.00549*a24 +  0.00194*a26 -  0.00336*a27 -  0.00388*a30 +  0.00672*a31 +  0.00388*a34
-  0.02477*a15 +  0.01430*a16 +  0.01430*a21 +  0.01751*a28 +  0.01011*a29 -  0.02022*a35
-  0.00549*a13 -  0.00951*a14 +  0.00388*a19 -  0.00549*a20 +  0.00549*a22 -  0.00549*a24 -  0.00388*a26 +  0.00672*a27 -  0.00388*a30 +  0.00672*a31 -  0.00776*a34
-  0.00549*a13 +  0.00388*a19 +  0.00275*a20 -  0.00275*a22 +  0.00476*a23 -  0.00549*a24 +  0.00194*a26 +  0.00336*a27 -  0.00388*a30 -  0.00672*a31 +  0.00388*a34
-  0.02860*a16 +  0.01430*a21 -  0.01751*a28 +  0.01011*a29 -  0.02022*a35
+  0.01098*a13 +  0.00388*a19 -  0.00549*a20 -  0.00275*a22 +  0.00476*a23 -  0.00549*a24 -  0.00388*a26 -  0.00672*a27 -  0.00388*a30 -  0.00672*a31 -  0.00776*a34
+  0.00275*a13 -  0.00476*a14 +  0.00388*a19 +  0.00275*a20 -  0.00275*a22 -  0.00476*a23 -  0.00549*a24 -  0.00388*a26 +  0.00776*a30 +  0.00388*a34
+  0.02477*a15 +  0.01430*a16 +  0.01430*a21 -  0.02022*a29 -  0.02022*a35
-  0.00549*a13 +  0.00951*a14 +  0.00388*a19 -  0.00549*a20 -  0.00275*a22 -  0.00476*a23 -  0.00549*a24 +  0.00776*a26 +  0.00776*a30 -  0.00776*a34
+  0.04044*a39 +  0.02022*a40 +  0.02860*a44 +  0.02860*a48
+  0.01345*a38 +  0.00672*a41 +  0.00951*a43 +  0.00951*a46
-  0.00672*a38 +  0.00672*a41 -  0.00476*a43 +  0.00951*a46
-  0.02022*a39 +  0.02022*a40 -  0.01430*a44 +  0.02860*a48
+  0.04113*a37 +  0.02057*a42 +  0.02908*a45 +  0.02908*a47
-  0.02057*a37 +  0.02057*a42 +  0.02908*a45 -  0.01454*a47
-  0.02022*a39 +  0.02022*a40 +  0.02860*a44 -  0.01430*a48
-  0.02057*a37 +  0.02057*a42 -  0.01454*a45 +  0.02908*a47
-  0.00672*a38 +  0.00672*a41 +  0.00951*a43 -  0.00476*a46
+  0.01028*a37 +  0.02057*a42 -  0.01454*a45 -  0.01454*a47
+  0.00336*a38 +  0.00672*a41 -  0.00476*a43 -  0.00476*a46
+  0.01011*a39 +  0.02022*a40 -  0.01430*a44 -  0.01430*a48
+  0.01098*a49 +  0.00388*a55 +  0.00549*a56 +  0.00549*a58 +  0.00549*a60 +  0.00776*a62 +  0.00776*a66 +  0.00776*a70
-  0.00549*a49 +  0.00388*a55 -  0.00275*a56 +  0.00549*a58 +  0.00549*a60 -  0.00388*a62 +  0.00776*a66 -  0.00388*a70
+  0.02860*a52 +  0.01430*a57 +  0.02022*a65 +  0.02022*a71
-  0.00549*a49 +  0.00951*a50 +  0.00388*a55 +  0.00549*a56 -  0.00275*a58 +  0.00476*a59 +  0.00549*a60 -  0.00388*a62 +  0.00672*a63 -  0.00388*a66 +  0.00672*a67 +  0.00776*a70
+  0.00275*a49 -  0.00476*a50 +  0.00388*a55 -  0.00275*a56 -  0.00275*a58 +  0.00476*a59 +  0.00549*a60 +  0.00194*a62 -  0.00336*a63 -  0.00388*a66 +  0.00672*a67 -  0.00388*a70
-  0.02477*a51 -  0.01430*a52 +  0.01430*a57 -  0.01751*a64 -  0.01011*a65 +  0.02022*a71
-  0.00549*a49 -  0.00951*a50 +  0.00388*a55 +  0.00549*a56 -  0.00275*a58 -  0.00476*a59 +  0.00549*a60 -  0.00388*a62 -  0.00672*a63 -  0.00388*a66 -  0.00672*a67 +  0.00776*a70
+  0.00275*a49 +  0.00476*a50 +  0.00388*a55 -  0.00275*a56 -  0.00275*a58 -  0.00476*a59 +  0.00549*a60 +  0.00194*a62 +  0.00336*a63 -  0.00388*a66 -  0.00672*a67 -  0.00388*a70
+  0.02477*a51 -  0.01430*a52 +  0.01430*a57 +  0.01751*a64 -  0.01011*a65 +  0.02022*a71
+  0.02908*a54 +  0.01454*a61 +  0.02057*a69 +  0.02057*a72
-  0.00549*a49 +  0.00388*a55 +  0.00549*a56 +  0.00549*a58 -  0.00275*a60 +  0.00776*a62 -  0.00388*a66 -  0.00388*a70
-  0.01454*a54 +  0.01454*a61 +  0.02057*a69 -  0.01028*a72
+  0.00275*a49 +  0.00388*a55 -  0.00275*a56 +  0.00549*a58 -  0.00275*a60 -  0.00388*a62 -  0.00388*a66 +  0.00194*a70
-  0.01430*a52 +  0.01430*a57 +  0.02022*a65 -  0.01011*a71
-  0.02519*a53 -  0.01454*a54 +  0.01454*a61 -  0.01781*a68 -  0.01028*a69 +  0.02057*a72
+  0.00275*a49 -  0.00476*a50 +  0.00388*a55 +  0.00549*a56 -  0.00275*a58 +  0.00476*a59 -  0.00275*a60 -  0.00388*a62 +  0.00672*a63 +  0.00194*a66 -  0.00336*a67 -  0.00388*a70
+  0.01259*a53 +  0.00727*a54 +  0.01454*a61 -  0.01781*a68 -  0.01028*a69 -  0.01028*a72
-  0.00137*a49 +  0.00238*a50 +  0.00388*a55 -  0.00275*a56 -  0.00275*a58 +  0.00476*a59 -  0.00275*a60 +  0.00194*a62 -  0.00336*a63 +  0.00194*a66 -  0.00336*a67 +  0.00194*a70
+  0.01238*a51 +  0.00715*a52 +  0.01430*a57 -  0.01751*a64 -  0.01011*a65 -  0.01011*a71
+  0.02519*a53 -  0.01454*a54 +  0.01454*a61 +  0.01781*a68 -  0.01028*a69 +  0.02057*a72
+  0.00275*a49 +  0.00476*a50 +  0.00388*a55 +  0.00549*a56 -  0.00275*a58 -  0.00476*a59 -  0.00275*a60 -  0.00388*a62 -  0.00672*a63 +  0.00194*a66 +  0.00336*a67 -  0.00388*a70
-  0.01259*a53 +  0.00727*a54 +  0.01454*a61 +  0.01781*a68 -  0.01028*a69 -  0.01028*a72
-  0.00137*a49 -  0.00238*a50 +  0.00388*a55 -  0.00275*a56 -  0.00275*a58 -  0.00476*a59 -  0.00275*a60 +  0.00194*a62 +  0.00336*a63 +  0.00194*a66 +  0.00336*a67 +  0.00194*a70
-  0.01238*a51 +  0.00715*a52 +  0.01430*a57 +  0.01751*a64 -  0.01011*a65 -  0.01011*a71
+  0.04044*a75 +  0.02022*a76 +  0.02860*a80 +  0.02860*a84
+  0.00672*a74 +  0.00672*a77 +  0.00476*a79 +  0.00951*a82
-  0.02022*a75 +  0.02022*a76 -  0.01430*a80 +  0.02860*a84
-  0.01345*a74 +  0.00672*a77 -  0.00951*a79 +  0.00951*a82
+  0.02057*a73 +  0.02057*a78 +  0.02908*a81 +  0.01454*a83
-  0.02022*a75 +  0.02022*a76 +  0.02860*a80 -  0.01430*a84
-  0.04113*a73 +  0.02057*a78 +  0.02908*a81 -  0.02908*a83
-  0.01028*a73 +  0.02057*a78 -  0.01454*a81 +  0.01454*a83
-  0.00336*a74 +  0.00672*a77 +  0.00476*a79 -  0.00476*a82
+  0.01011*a75 +  0.02022*a76 -  0.01430*a80 -  0.01430*a84
+  0.02057*a73 +  0.02057*a78 -  0.01454*a81 -  0.02908*a83
+  0.00672*a74 +  0.00672*a77 -  0.00951*a79 -  0.00476*a82
-  0.02519*a89 -  0.01454*a90 -  0.01454*a97 -  0.01781*a104 -  0.01028*a105 -  0.02057*a108
+  0.00275*a85 -  0.00476*a86 +  0.00388*a91 +  0.00549*a92 +  0.00549*a94 +  0.00275*a96 +  0.00776*a98 +  0.00194*a102 -  0.00336*a103 +  0.00388*a106
+  0.01259*a89 +  0.00727*a90 -  0.01454*a97 -  0.01781*a104 -  0.01028*a105 +  0.01028*a108
-  0.00137*a85 +  0.00238*a86 +  0.00388*a91 -  0.00275*a92 +  0.00549*a94 +  0.00275*a96 -  0.00388*a98 +  0.00194*a102 -  0.00336*a103 -  0.00194*a106
+  0.01238*a87 +  0.00715*a88 +  0.01430*a93 +  0.02022*a101 +  0.01011*a107
+  0.02519*a89 -  0.01454*a90 -  0.01454*a97 +  0.01781*a104 -  0.01028*a105 -  0.02057*a108
+  0.00275*a85 +  0.00476*a86 +  0.00388*a91 +  0.00549*a92 -  0.00275*a94 +  0.00476*a95 +  0.00275*a96 -  0.00388*a98 +  0.00672*a99 +  0.00194*a102 +  0.00336*a103 +  0.00388*a106
-  0.01259*a89 +  0.00727*a90 -  0.01454*a97 +  0.01781*a104 -  0.01028*a105 +  0.01028*a108
-  0.00137*a85 -  0.00238*a86 +  0.00388*a91 -  0.00275*a92 -  0.00275*a94 +  0.00476*a95 +  0.00275*a96 +  0.00194*a98 -  0.00336*a99 +  0.00194*a102 +  0.00336*a103 -  0.00194*a106
-  0.01238*a87 +  0.00715*a88 +  0.01430*a93 -  0.01751*a100 -  0.01011*a101 +  0.01011*a107
+  0.02908*a90 -  0.01454*a97 +  0.02057*a105 -  0.02057*a108
-  0.00549*a85 +  0.00388*a91 +  0.00549*a92 -  0.00275*a94 -  0.00476*a95 +  0.00275*a96 -  0.00388*a98 -  0.00672*a99 -  0.00388*a102 +  0.00388*a106
-  0.01454*a90 -  0.01454*a97 +  0.02057*a105 +  0.01028*a108
+  0.00275*a85 +  0.00388*a91 -  0.00275*a92 -  0.00275*a94 -  0.00476*a95 +  0.00275*a96 +  0.00194*a98 +  0.00336*a99 -  0.00388*a102 -  0.00194*a106
-  0.01430*a88 +  0.01430*a93 +  0.01751*a100 -  0.01011*a101 +  0.01011*a107
-  0.00549*a85 +  0.00951*a86 +  0.00388*a91 +  0.00549*a92 +  0.00549*a94 -  0.00549*a96 +  0.00776*a98 -  0.00388*a102 +  0.00672*a103 -  0.00776*a106
+  0.00275*a85 -  0.00476*a86 +  0.00388*a91 -  0.00275*a92 +  0.00549*a94 -  0.00549*a96 -  0.00388*a98 -  0.00388*a102 +  0.00672*a103 +  0.00388*a106
-  0.02477*a87 -  0.01430*a88 +  0.01430*a93 +  0.02022*a101 -  0.02022*a107
-  0.00549*a85 -  0.00951*a86 +  0.00388*a91 +  0.00549*a92 -  0.00275*a94 +  0.00476*a95 -  0.00549*a96 -  0.00388*a98 +  0.00672*a99 -  0.00388*a102 -  0.00672*a103 -  0.00776*a106
+  0.00275*a85 +  0.00476*a86 +  0.00388*a91 -  0.00275*a92 -  0.00275*a94 +  0.00476*a95 -  0.00549*a96 +  0.00194*a98 -  0.00336*a99 -  0.00388*a102 -  0.00672*a103 +  0.00388*a106
+  0.02477*a87 -  0.01430*a88 +  0.01430*a93 -  0.01751*a100 -  0.01011*a101 -  0.02022*a107
+  0.01098*a85 +  0.00388*a91 +  0.00549*a92 -  0.00275*a94 -  0.00476*a95 -  0.00549*a96 -  0.00388*a98 -  0.00672*a99 +  0.00776*a102 -  0.00776*a106
-  0.00549*a85 +  0.00388*a91 -  0.00275*a92 -  0.00275*a94 -  0.00476*a95 -  0.00549*a96 +  0.00194*a98 +  0.00336*a99 +  0.00776*a102 +  0.00388*a106
+  0.02860*a88 +  0.01430*a93 +  0.01751*a100 -  0.01011*a101 -  0.02022*a107
+  0.00275*a109 -  0.00476*a110 +  0.00388*a115 +  0.00275*a116 +  0.00549*a118 +  0.00549*a120 +  0.00194*a122 -  0.00336*a123 +  0.00776*a126 +  0.00388*a130
+  0.02477*a111 +  0.01430*a112 +  0.01430*a117 +  0.01751*a124 +  0.01011*a125 +  0.02022*a131
-  0.00549*a109 +  0.00951*a110 +  0.00388*a115 -  0.00549*a116 +  0.00549*a118 +  0.00549*a120 -  0.00388*a122 +  0.00672*a123 +  0.00776*a126 -  0.00776*a130
+  0.00275*a109 +  0.00476*a110 +  0.00388*a115 +  0.00275*a116 -  0.00275*a118 +  0.00476*a119 +  0.00549*a120 +  0.00194*a122 +  0.00336*a123 -  0.00388*a126 +  0.00672*a127 +  0.00388*a130
-  0.02477*a111 +  0.01430*a112 +  0.01430*a117 -  0.01751*a124 +  0.01011*a125 +  0.02022*a131
-  0.00549*a109 -  0.00951*a110 +  0.00388*a115 -  0.00549*a116 -  0.00275*a118 +  0.00476*a119 +  0.00549*a120 -  0.00388*a122 -  0.00672*a123 -  0.00388*a126 +  0.00672*a127 -  0.00776*a130
-  0.00549*a109 +  0.00388*a115 +  0.00275*a116 -  0.00275*a118 -  0.00476*a119 +  0.00549*a120 -  0.00388*a122 -  0.00388*a126 -  0.00672*a127 +  0.00388*a130
-  0.02860*a112 +  0.01430*a117 -  0.02022*a125 +  0.02022*a131
+  0.01098*a109 +  0.00388*a115 -  0.00549*a116 -  0.00275*a118 -  0.00476*a119 +  0.00549*a120 +  0.00776*a122 -  0.00388*a126 -  0.00672*a127 -  0.00776*a130
+  0.01259*a113 +  0.00727*a114 +  0.01454*a121 +  0.02057*a129 +  0.01028*a132
-  0.00137*a109 +  0.00238*a110 +  0.00388*a115 +  0.00275*a116 +  0.00549*a118 -  0.00275*a120 +  0.00194*a122 -  0.00336*a123 -  0.00388*a126 -  0.00194*a130
-  0.01238*a111 -  0.00715*a112 +  0.01430*a117 +  0.01751*a124 +  0.01011*a125 -  0.01011*a131
-  0.02519*a113 -  0.01454*a114 +  0.01454*a121 +  0.02057*a129 -  0.02057*a132
+  0.00275*a109 -  0.00476*a110 +  0.00388*a115 -  0.00549*a116 +  0.00549*a118 -  0.00275*a120 -  0.00388*a122 +  0.00672*a123 -  0.00388*a126 +  0.00388*a130
-  0.01259*a113 +  0.00727*a114 +  0.01454*a121 -  0.01781*a128 -  0.01028*a129 +  0.01028*a132
-  0.00137*a109 -  0.00238*a110 +  0.00388*a115 +  0.00275*a116 -  0.00275*a118 +  0.00476*a119 -  0.00275*a120 +  0.00194*a122 +  0.00336*a123 +  0.00194*a126 -  0.00336*a127 -  0.00194*a130
+  0.01238*a111 -  0.00715*a112 +  0.01430*a117 -  0.01751*a124 +  0.01011*a125 -  0.01011*a131
+  0.02519*a113 -  0.01454*a114 +  0.01454*a121 -  0.01781*a128 -  0.01028*a129 -  0.02057*a132
+  0.00275*a109 +  0.00476*a110 +  0.00388*a115 -  0.00549*a116 -  0.00275*a118 +  0.00476*a119 -  0.00275*a120 -  0.00388*a122 -  0.00672*a123 +  0.00194*a126 -  0.00336*a127 +  0.00388*a130
-  0.01454*a114 +  0.01454*a121 +  0.01781*a128 -  0.01028*a129 +  0.01028*a132
+  0.00275*a109 +  0.00388*a115 +  0.00275*a116 -  0.00275*a118 -  0.00476*a119 -  0.00275*a120 -  0.00388*a122 +  0.00194*a126 +  0.00336*a127 -  0.00194*a130
+  0.01430*a112 +  0.01430*a117 -  0.02022*a125 -  0.01011*a131
+  0.02908*a114 +  0.01454*a121 +  0.01781*a128 -  0.01028*a129 -  0.02057*a132
-  0.00549*a109 +  0.00388*a115 -  0.00549*a116 -  0.00275*a118 -  0.00476*a119 -  0.00275*a120 +  0.00776*a122 +  0.00194*a126 +  0.00336*a127 +  0.00388*a130
+  0.01098*a133 +  0.00388*a139 +  0.00549*a140 +  0.00549*a142 +  0.00549*a144 +  0.00776*a146 +  0.00776*a150 +  0.00776*a154
-  0.00549*a133 +  0.00388*a139 -  0.00275*a140 +  0.00549*a142 +  0.00549*a144 -  0.00388*a146 +  0.00776*a150 -  0.00388*a154
+  0.02860*a136 +  0.01430*a141 +  0.02022*a149 +  0.02022*a155
-  0.00549*a133 +  0.00951*a134 +  0.00388*a139 +  0.00549*a140 -  0.00275*a142 +  0.00476*a143 +  0.00549*a144 -  0.00388*a146 +  0.00672*a147 -  0.00388*a150 +  0.00672*a151 +  0.00776*a154
+  0.00275*a133 -  0.00476*a134 +  0.00388*a139 -  0.00275*a140 -  0.00275*a142 +  0.00476*a143 +  0.00549*a144 +  0.00194*a146 -  0.00336*a147 -  0.00388*a150 +  0.00672*a151 -  0.00388*a154
-  0.02477*a135 -  0.01430*a136 +  0.01430*a141 -  0.01751*a148 -  0.01011*a149 +  0.02022*a155
-  0.00549*a133 -  0.00951*a134 +  0.00388*a139 +  0.00549*a140 -  0.00275*a142 -  0.00476*a143 +  0.00549*a144 -  0.00388*a146 -  0.00672*a147 -  0.00388*a150 -  0.00672*a151 +  0.00776*a154
+  0.00275*a133 +  0.00476*a134 +  0.00388*a139 -  0.00275*a140 -  0.00275*a142 -  0.00476*a143 +  0.00549*a144 +  0.00194*a146 +  0.00336*a147 -  0.00388*a150 -  0.00672*a151 -  0.00388*a154
+  0.02477*a135 -  0.01430*a136 +  0.01430*a141 +  0.01751*a148 -  0.01011*a149 +  0.02022*a155
+  0.02908*a138 +  0.01454*a145 +  0.02057*a153 +  0.02057*a156
-  0.00549*a133 +  0.00388*a139 +  0.00549*a140 +  0.00549*a142 -  0.00275*a144 +  0.00776*a146 -  0.00388*a150 -  0.00388*a154
-  0.01454*a138 +  0.01454*a145 +  0.02057*a153 -  0.01028*a156
+  0.00275*a133 +  0.00388*a139 -  0.00275*a140 +  0.00549*a142 -  0.00275*a144 -  0.00388*a146 -  0.00388*a150 +  0.00194*a154
-  0.01430*a136 +  0.01430*a141 +  0.02022*a149 -  0.01011*a155
-  0.02519*a137 -  0.01454*a138 +  0.01454*a145 -  0.01781*a152 -  0.01028*a153 +  0.02057*a156
+  0.00275*a133 -  0.00476*a134 +  0.00388*a139 +  0.00549*a140 -  0.00275*a142 +  0.00476*a143 -  0.00275*a144 -  0.00388*a146 +  0.00672*a147 +  0.00194*a150 -  0.00336*a151 -  0.00388*a154
+  0.01259*a137 +  0.00727*a138 +  0.01454*a145 -  0.01781*a152 -  0.01028*a153 -  0.01028*a156
-  0.00137*a133 +  0.00238*a134 +  0.00388*a139 -  0.00275*a140 -  0.00275*a142 +  0.00476*a143 -  0.00275*a144 +  0.00194*a146 -  0.00336*a147 +  0.00194*a150 -  0.00336*a151 +  0.00194*a154
+  0.01238*a135 +  0.00715*a136 +  0.01430*a141 -  0.01751*a148 -  0.01011*a149 -  0.01011*a155
+  0.02519*a137 -  0.01454*a138 +  0.01454*a145 +  0.01781*a152 -  0.01028*a153 +  0.02057*a156
+  0.00275*a133 +  0.00476*a134 +  0.00388*a139 +  0.00549*a140 -  0.00275*a142 -  0.00476*a143 -  0.00275*a144 -  0.00388*a146 -  0.00672*a147 +  0.00194*a150 +  0.00336*a151 -  0.00388*a154
-  0.01259*a137 +  0.00727*a138 +  0.01454*a145 +  0.01781*a152 -  0.01028*a153 -  0.01028*a156
-  0.00137*a133 -  0.00238*a134 +  0.00388*a139 -  0.00275*a140 -  0.00275*a142 -  0.00476*a143 -  0.00275*a144 +  0.00194*a146 +  0.00336*a147 +  0.00194*a150 +  0.00336*a151 +  0.00194*a154
-  0.01238*a135 +  0.00715*a136 +  0.01430*a141 +  0.01751*a148 -  0.01011*a149 -  0.01011*a155
